580315
468969
513563
309513
216611
303516
106863
447996
561520
398372
779587
785642
37346
375162
224756
573666
162209
280468
612240
26235
557331
368014
263837
544276
356363
683155
62609
557912
43896
465312
702182
647312
663639
478549
207459
8769
474979
499982
709018
364869
499951
140282
29214
274629
390908
340039
438798
81518
262478
480289
368658
644318
169659
65051
112044
327780
377210
378231
28450
87111
453733
386797
261078
662314
737183
456664
505608
505453
256764
767232
518779
495957
759498
655091
31060
556087
677997
86900
128472
360728
489278
656009
194412
242721
352739
116904
353096
726933
178659
316091
632040
683353
166935
247574
361754
471486
768968
655610
656634
455371
563972
126938
771787
500580
704191
559249
506331
521572
571846
662143
424488
629828
703871
541409
691546
340206
678816
436935
172588
424995
323547
329144
517633
762182
685669
798330
457626
506459
730878
415847
261507
718559
662723
265597
455346
220508
325554
338817
480340
501439
539689
714688
367227
580618
431142
233822
130464
641399
456518
791219
636292
781816
86967
419796
174606
784581
203365
205158
65299
791275
768185
366779
355575
772558
277784
360309
615456
318242
462135
200244
214533
728119
87286
571749
463773
666451
729135
94918
431965
350079
225384
524327
297191
172118
175805
311234
769485
220251
749247
625343
21594
530666
769085
27535
690595
125699
387098
104558
63841
715293
19039
521150
138525
799403
203457
114625
44943
190510
658582
51480
549272
482450
250393
85102
602510
523772
48267
798206
777980
310893
332865
583140
740582
298338
134231
407748
416766
730385
216315
533995
84983
30468
587456
101103
782129
141723
404615
54473
422320
394094
352437
696187
450066
780431
16502
352447
300746
456088
233411
497799
17016
633492
488625
345555
670613
425252
146259
408340
564756
796369
33327
252218
543152
18145
64196
212408
507388
273435
779292
208094
245281
544894
285401
588399
498515
24932
323169
561103
448698
618087
50682
226
676761
663591
420320
298129
551352
387901
139320
622300
327740
4036
142796
656554
189437
606560
71219
50881
640605
68093
232675
373713
658032
625278
743461
154932
237303
549134
778890
427427
18504
426788
329436
619604
552660
738581
145663
320717
670803
796598
268618
135470
743422
117689
80683
163841
368779
736085
775163
386633
404375
17742
531136
606761
256638
220572
693417
190843
569667
151778
695728
75180
504665
605487
728478
144734
77468
20976
640818
163269
722347
783751
479931
727318
576078
198822
408786
636205
126999
197511
706881
214853
49617
296187
146763
95652
646050
7340
52411
560212
541424
210436
183846
161303
331082
322039
455590
789886
753275
261697
184929
21613
661768
392150
479151
71729
398574
19409
709265
406848
317834
70326
780968
6585
187606
622284
301889
237573
197145
241665
557465
696921
723003
394801
646035
601700
658081
127137
787064
545577
583546
163352
504654
513234
164290
763242
701809
337777
474411
475179
179176
305822
709961
161001
515293
359515
521999
323216
13630
714255
3749
247430
435006
305435
391478
779962
672250
297021
189454
292599
587230
729353
105144
343519
318695
453059
681601
525418
282612
190516
439743
198903
25003
285818
494038
641268
50533
48746
380874
197774
138407
567763
439673
504603
470400
261587
512597
159690
134135
258440
579478
149642
27992
136572
620365
498025
282329
429234
498890
382291
24970
591751
785418
373671
457187
247939
589726
686402
769699
677585
248756
579642
416484
276270
315742
137513
677484
513354
522814
159714
479561
533437
39957
27168
508353
591184
228970
764230
131938
178907
391878
700977
770527
400827
539006
146175
284659
267488
552726
513503
517673
328319
298649
400674
716498
29845
236827
203134
368093
581642
111321
751009
427152
531581
747248
190046
773954
696510
460216
84304
29545
164010
683844
100379
368695
175406
746828
239990
709369
219747
481808
419774
220734
213000
724068
454180
79987
606229
558877
779368
21598
261066
402079
763071
660818
350311
449292
777387
436598
186027
304884
368513
507340
147040
102663
639466
446184
572252
155991
368855
520822
405755
725843
20809
306094
324226
671070
458201
765927
446619
345949
653320
154432
520732
535847
197201
724289
700715
272646
340832
493787
474149
47316
458497
212213
366838
437833
405554
576533
148007
696417
49953
290603
778095
190833
88867
521426
85919
570287
318797
495256
131447
527239
409588
389623
605016
52217
339788
115641
633315
729517
182831
48249
607004
497440
690554
250287
514375
197507
702588
649642
559977
362876
417197
366914
366672
446945
591157
754397
4111
668954
793322
95414
656165
54116
118537
326324
134348
671643
75587
381832
263842
324787
94924
427470
613219
22805
458918
731448
508527
465526
639426
241302
766913
697013
634506
669099
104493
435539
528119
452196
317722
562943
353711
144864
307022
257150
424582
609348
605993
277473
401000
213229
499027
763053
696020
703229
254703
580612
779041
713874
671862
558448
718113
582728
229786
69384
109087
682184
253451
176200
371705
641072
649340
528790
249757
217633
536848
603145
634474
198693
694829
697979
337361
338144
562371
355649
370684
611125
377422
349746
650879
748569
506418
282578
222170
330087
712579
761488
104719
451399
430105
673773
703660
545858
656007
655734
172393
727837
40835
252168
205573
239080
554132
488390
244215
617362
519934
427683
407411
470108
462187
162804
22165
23896
69485
791006
404871
334033
283057
247791
755034
176715
631462
25388
253802
9505
79996
177741
516976
174215
232316
614584
434137
129480
716356
712923
532598
538671
6116
725069
736914
502015
375430
538128
551696
110102
749386
40631
677526
609238
313556
277767
676793
7372
60757
127495
538307
512616
599596
205537
46566
584658
518550
108086
743597
192646
393914
526811
578320
711399
349432
621552
670401
351096
719988
511839
172615
103856
641260
449193
597760
703920
681762
157920
783175
36416
153235
782897
297986
792973
679887
258643
155205
360744
176500
314722
772845
544645
779960
158340
235247
560938
498302
525746
637856
403548
185884
669863
655688
772776
522840
752310
457798
269377
771490
633822
297052
495221
601931
407777
536568
665071
223529
597401
531203
122265
428616
337934
264507
164388
549167
90875
748580
223280
346824
288163
126325
107045
301108
779966
172588
99963
430236
60504
472742
629517
673471
772141
164275
548029
383455
138731
158983
239646
621539
755008
620418
751761
318614
159582
753232
163163
358514
444896
268137
239548
260562
208243
618190
490271
782398
23784
459174
228527
433719
516232
168855
150391
186125
642674
266950
486475
583767
139801
609640
143212
204070
669547
489532
39051
787262
196980
253968
54166
348062
560023
761635
650525
2321
641385
729459
482451
686021
628856
578777
206127
13498
550920
371842
209720
416349
200377
36725
124124
223967
109503
310711
337586
291198
416019
289342
725761
148156
259925
150246
622031
241738
377055
727971
291186
257936
205980
348037
632878
558555
500653
485475
129494
35500
341994
595131
166434
780297
767394
68066
590997
286066
787861
500410
